[CC7]
He4APumpSetT = 37.000000
He4APumpVHeat = 24.000000
He4APumpVHold = 3.500000
He4AHSVOn = 3.500000
He4AHSVOff = 0.000000
He3APumpSetT = 35.000000
He3APumpVHeat = 24.000000
He3APumpVHold = 3.500000
He3AHSVOn = 3.500000
He3AHSVOff = 0.000000
He3ASoftStartV = 0.000000
He4BPumpSetT = 37.000000
He4BPumpVHeat = 24.000000
He4BPumpVHold = 3.500000
He4BHSVOn = 3.500000
He4BVOff = 0.000000
He3BPumpSetT = 35.000000
He3BPumpVHeat = 24.000000
He3BPumpVHold = 5.000000
He3BHSVOn = 3.500000
He3BHSVOff = 0.000000
He3BSoftStartV = 0.000000
He4CondTemp = 4.200000
He4CondTime = 480.000000
He3CondTemp = 3.100000
He3CondTime = 480.000000
HSOffBelow = 15.000000
TimeBetweenCycles = 240.000000
He3TimeOut = 2700.000000

[CC4]
He4APumpSetT = 47.000000
He4APumpVHeat = 24.000000
He4APumpVHold = 4.500000
He4AHSVon = 5.000000
He4AHSVOff = 0.000000
He4BPumpSetT = 47.000000
He4BPumpVHeat = 24.000000
He4BPumpVHold = 5.000000
He4BHSVOn = 5.000000
He4BHSVOff = 0.000000
He4CondTemp = 4.200000
HSOffBelow = 15.000000
TimeAfterCC7BeforeCC4 = 0.000000

[MD]
StillVOn = 1.800000
StartStillBelowT = 0.6